b 0 341 456 540 247 311 310 309 298 37 453 387 390 454 458 542 63 394 457 541 455 73 391 367 538
b 0 337 535 371 335 537 65 67 374 56 54 338 334 307 534 44 306 333 340 342 343 339 536 372 369
b 1 77 478 471 473 481 477 480 474 476 81 83 82 88 475 80 79 472 78 14 13 12 11 121 111 484
b 2 151 128 125 181 175 505 500 148 20 147 139 140 141 135 156 136 138 127 137 19 150 145 146 143 18 149
b 3 497 510 489 486 485 502 499 501 514 165 170 498 511 507 161 176 158 162 194 487 488 512 503 491
b 3 504 506 530 525 508 524 529 492 518 517 516 519 186 531 495 521 523 533 532 522 528 493 509
b 3 520 526 527 494 204 213 207 29 208 205 206 134 133 131 129 144 496 490 513
b 4 201 203 183 187 196 515 195 198 189 450 220 448 449 452 451 216 185 188 197 26 199 200 191 202 184 182 251 246 249
b 4 36 244 243 258 312 308 304 254 260 253 259 248 40 250 245
b 5 110 89 123 119 115 118 91 98 232 235 231 35 230
b 5 105 97 112 120 96 114 101 113 95 93 122 117 108 100 16 99
b 5 116 90 104 94 155 153 17 107
b 5 106 152 109 130 124 126 142 154 132 217 28 212 210 214 30 223 31 219 218 32
b 5 229 240 241 242 238 385 539 395 393 396 237 239 226 225 388 389 62 386 209 221 222 34 234 224 211 215 228 33 227
b 6 281 193 284 283 277 289 292 274 270 279 287 272 290 275 263 264 276 278 178 179 172 160
b 6 280 24 163 157 168 180 159 169 173 166 164 177 171 21 167 22 174 23 25
b 7 297 261 291 296 267 39 38 262 294 266 41 265 43 268 282 192 27 190 255 257 256 252 295 273
b 7 326 319 313 329 47 330 48 332 331 322 314 325 316 323 321 45 285 288 293 286 271 269 42 320 318 327 317 324 315
b 8 51 359 362 46 328 50 49 348 345 361 360 344 302 305 301 299 303 300 346 363 53 349 351
b 8 354 52 350 347 356 352 355 353 379 384 375 381 380 364 357 358
b 9 71 430 55 426 70 57 382 58 377 376 383 60 59 373 378 61 412 66 401 407 400 402 408 410 425 437 431 422
b 9 72 68 443 429 428 446 439 445 440 436 423 427 435 442 441 432 434 424 419 447 418 438
b 10 465 233 470 466 74 468 236 15 92 102 103 87 75 86 479 483 482 462 85 84 69 444 421 414 464 467 461 76
b 10 368 366 370 416 417 415 411 406 409 336 403 397 398 405 404 420 433 64 399 460 413 365 463 459 392 469
